00000000 0.00000000000000000000 	0		
00000001 0.00050000000000000001 	0		
00000002 0.00100000000000000002 	0		
00000003 0.00150000000000000003 	0		
00000004 0.00200000000000000004 	0		
00000005 0.00250000000000000005 	0		
00000006 0.00300000000000000006 	0		
00000007 0.00350000000000000007 	0		
00000008 0.00400000000000000008 	0		
00000009 0.00449999999999999966 	0		
00000010 0.00500000000000000010 	0		
00000011 0.00549999999999999968 	0		
00000012 0.00600000000000000012 	0		
00000013 0.00649999999999999970 	0		
00000014 0.00700000000000000015 	0		
00000015 0.00749999999999999972 	0		
00000016 0.00800000000000000017 	0		
00000017 0.00850000000000000061 	0		
00000018 0.00899999999999999932 	0		
00000019 0.00949999999999999976 	0		
00000020 0.01000000000000000021 	0		
00000021 0.01050000000000000065 	0		
00000022 0.01099999999999999936 	0		
00000023 0.01149999999999999981 	0		
00000024 0.01200000000000000025 	0		
00000025 0.01250000000000000069 	0		
00000026 0.01299999999999999940 	0		
00000027 0.01349999999999999985 	0		
00000028 0.01400000000000000029 	0		
00000029 0.01450000000000000074 	0		
00000030 0.01499999999999999944 	0		
00000031 0.01549999999999999989 	0		
00000032 0.01600000000000000033 	0		
00000033 0.01650000000000000078 	0		
00000034 0.01700000000000000122 	0		
00000035 0.01750000000000000166 	0		
00000036 0.01799999999999999864 	0		
00000037 0.01849999999999999908 	0		
00000038 0.01899999999999999953 	0		
00000039 0.01949999999999999997 	0		
00000040 0.02000000000000000042 	0		
00000041 0.02050000000000000086 	0		
00000042 0.02100000000000000130 	0		
00000043 0.02149999999999999828 	0		
00000044 0.02199999999999999872 	0		
00000045 0.02249999999999999917 	0		
00000046 0.02299999999999999961 	0		
00000047 0.02350000000000000006 	0		
00000048 0.02400000000000000050 	0		
00000049 0.02450000000000000094 	0		
00000050 0.02500000000000000139 	0		
00000051 0.02549999999999999836 	0		
00000052 0.02599999999999999881 	0		
00000053 0.02649999999999999925 	0		
00000054 0.02699999999999999970 	0		
00000055 0.02750000000000000014 	0		
00000056 0.02800000000000000058 	0		
00000057 0.02850000000000000103 	0		
00000058 0.02900000000000000147 	0		
00000059 0.02949999999999999844 	0		
00000060 0.02999999999999999889 	0		
00000061 0.03049999999999999934 	0		
00000062 0.03099999999999999978 	0		
00000063 0.03150000000000000022 	0		
00000064 0.03200000000000000066 	0		
00000065 0.03250000000000000111 	0		
00000066 0.03300000000000000156 	0		
00000067 0.03350000000000000200 	0		
00000068 0.03400000000000000244 	0		
00000069 0.03450000000000000289 	0		
00000070 0.03500000000000000333 	0		
00000071 0.03549999999999999684 	0		
00000072 0.03599999999999999728 	0		
00000073 0.03649999999999999772 	0		
00000074 0.03699999999999999817 	0		
00000075 0.03749999999999999861 	0		
00000076 0.03799999999999999906 	0		
00000077 0.03849999999999999950 	0		
00000078 0.03899999999999999994 	0		
00000079 0.03950000000000000039 	0		
00000080 0.04000000000000000083 	0		
00000081 0.04050000000000000128 	0		
00000082 0.04100000000000000172 	0		
00000083 0.04150000000000000216 	0		
00000084 0.04200000000000000261 	0		
00000085 0.04250000000000000305 	0		
00000086 0.04299999999999999656 	0		
00000087 0.04349999999999999700 	0		
00000088 0.04399999999999999745 	0		
00000089 0.04449999999999999789 	0		
00000090 0.04499999999999999834 	0		
00000091 0.04549999999999999878 	0		
00000092 0.04599999999999999922 	0		
00000093 0.04649999999999999966 	0		
00000094 0.04700000000000000011 	0		
00000095 0.04750000000000000056 	0		
00000096 0.04800000000000000100 	0		
00000097 0.04850000000000000144 	0		
00000098 0.04900000000000000188 	0		
00000099 0.04950000000000000233 	0		
00000100 0.05000000000000000278 	0		
00000101 0.05050000000000000322 	0		
00000102 0.05099999999999999672 	0		
00000103 0.05149999999999999717 	0		
00000104 0.05199999999999999762 	0		
00000105 0.05249999999999999806 	0		
00000106 0.05299999999999999850 	0		
00000107 0.05349999999999999894 	0		
00000108 0.05399999999999999939 	0		
00000109 0.05449999999999999984 	0		
00000110 0.05500000000000000028 	0		
00000111 0.05550000000000000072 	0		
00000112 0.05600000000000000116 	0		
00000113 0.05650000000000000161 	0		
00000114 0.05700000000000000206 	0		
00000115 0.05750000000000000250 	0		
00000116 0.05800000000000000294 	0		
00000117 0.05850000000000000338 	0		
00000118 0.05899999999999999689 	0		
00000119 0.05949999999999999734 	0		
00000120 0.05999999999999999778 	0		
00000121 0.06049999999999999822 	0		
00000122 0.06099999999999999867 	0		
00000123 0.06149999999999999911 	0		
00000124 0.06199999999999999956 	0		
00000125 0.06250000000000000000 	0		
00000126 0.06300000000000000044 	0		
00000127 0.06350000000000000089 	0		
00000128 0.06400000000000000133 	0		
00000129 0.06450000000000000178 	0		
00000130 0.06500000000000000222 	0		
00000131 0.06550000000000000266 	0		
00000132 0.06600000000000000311 	0		
00000133 0.06650000000000000356 	0		
00000134 0.06700000000000000400 	0		
00000135 0.06750000000000000444 	0		
00000136 0.06800000000000000488 	0		
00000137 0.06850000000000000533 	0		
00000138 0.06900000000000000578 	0		
00000139 0.06950000000000000622 	0		
00000140 0.07000000000000000666 	0		
00000141 0.07049999999999999323 	0		
00000142 0.07099999999999999367 	0		
00000143 0.07149999999999999412 	0		
00000144 0.07199999999999999456 	0		
00000145 0.07249999999999999500 	0		
00000146 0.07299999999999999545 	0		
00000147 0.07349999999999999589 	0		
00000148 0.07399999999999999634 	0		
00000149 0.07449999999999999678 	0		
00000150 0.07499999999999999722 	0		
00000151 0.07549999999999999767 	0		
00000152 0.07599999999999999812 	0		
00000153 0.07649999999999999856 	0		
00000154 0.07699999999999999900 	0		
00000155 0.07749999999999999944 	0		
00000156 0.07799999999999999989 	0		
00000157 0.07850000000000000034 	0		
00000158 0.07900000000000000078 	0		
00000159 0.07950000000000000122 	0		
00000160 0.08000000000000000166 	0		
00000161 0.08050000000000000211 	0		
00000162 0.08100000000000000256 	0		
00000163 0.08150000000000000300 	0		
00000164 0.08200000000000000344 	0		
00000165 0.08250000000000000388 	0		
00000166 0.08300000000000000433 	0		
00000167 0.08350000000000000478 	0		
00000168 0.08400000000000000522 	0		
00000169 0.08450000000000000566 	0		
00000170 0.08500000000000000610 	0		
00000171 0.08550000000000000655 	0		
00000172 0.08599999999999999312 	0		
00000173 0.08649999999999999356 	0		
00000174 0.08699999999999999400 	0		
00000175 0.08749999999999999445 	0		
00000176 0.08799999999999999490 	0		
00000177 0.08849999999999999534 	0		
00000178 0.08899999999999999578 	0		
00000179 0.08949999999999999622 	0		
00000180 0.08999999999999999667 	0		
00000181 0.09049999999999999712 	0		
00000182 0.09099999999999999756 	0		
00000183 0.09149999999999999800 	0		
00000184 0.09199999999999999844 	0		
00000185 0.09249999999999999889 	0		
00000186 0.09299999999999999933 	0		
00000187 0.09349999999999999978 	0		
00000188 0.09400000000000000022 	0		
00000189 0.09450000000000000067 	0		
00000190 0.09500000000000000111 	0		
00000191 0.09550000000000000155 	0		
00000192 0.09600000000000000200 	0		
00000193 0.09650000000000000244 	0		
00000194 0.09700000000000000289 	0		
00000195 0.09750000000000000333 	0		
00000196 0.09800000000000000377 	0		
00000197 0.09850000000000000422 	0		
00000198 0.09900000000000000466 	0		
00000199 0.09950000000000000511 	0		
00000200 0.10000000000000000555 	0		
00000201 0.10050000000000000600 	0		
00000202 0.10100000000000000644 	0		
00000203 0.10150000000000000688 	0		
00000204 0.10199999999999999345 	0		
00000205 0.10249999999999999389 	0		
00000206 0.10299999999999999434 	0		
00000207 0.10349999999999999478 	0		
00000208 0.10399999999999999523 	0		
00000209 0.10449999999999999567 	0		
00000210 0.10499999999999999610 	0		
00000211 0.10549999999999999660 	0		
00000212 0.10599999999999999700 	0		
00000213 0.10649999999999999740 	0		
00000214 0.10699999999999999790 	0		
00000215 0.10749999999999999830 	0		
00000216 0.10799999999999999880 	0		
00000217 0.10849999999999999920 	0		
00000218 0.10899999999999999970 	0		
00000219 0.10950000000000000010 	0		
00000220 0.11000000000000000060 	0		
00000221 0.11050000000000000100 	0		
00000222 0.11100000000000000140 	0		
00000223 0.11150000000000000190 	0		
00000224 0.11200000000000000230 	0		
00000225 0.11250000000000000280 	0		
00000226 0.11300000000000000320 	0		
00000227 0.11350000000000000370 	0		
00000228 0.11400000000000000410 	0		
00000229 0.11450000000000000460 	0		
00000230 0.11500000000000000500 	0		
00000231 0.11550000000000000540 	0		
00000232 0.11600000000000000590 	0		
00000233 0.11650000000000000630 	0		
00000234 0.11700000000000000680 	0		
00000235 0.11749999999999999330 	0		
00000236 0.11799999999999999380 	0		
00000237 0.11849999999999999420 	0		
00000238 0.11899999999999999470 	0		
00000239 0.11949999999999999510 	0		
00000240 0.11999999999999999560 	0		
00000241 0.12049999999999999600 	0		
00000242 0.12099999999999999640 	0		
00000243 0.12149999999999999690 	0		
00000244 0.12199999999999999730 	0		
00000245 0.12249999999999999780 	0		
00000246 0.12299999999999999820 	0		
00000247 0.12349999999999999870 	0		
00000248 0.12399999999999999910 	0		
00000249 0.12449999999999999960 	0		
00000250 0.12500000000000000000 	0		
00000251 0.12550000000000000040 	0		
00000252 0.12600000000000000090 	0		
00000253 0.12650000000000000130 	0		
00000254 0.12700000000000000180 	0		
00000255 0.12750000000000000220 	0		
00000256 0.12800000000000000270 	0		
00000257 0.12850000000000000310 	0		
00000258 0.12900000000000000360 	0		
00000259 0.12950000000000000400 	0		
00000260 0.13000000000000000440 	0		
00000261 0.13050000000000000490 	0		
00000262 0.13100000000000000530 	0		
00000263 0.13150000000000000580 	0		
00000264 0.13200000000000000620 	0		
00000265 0.13250000000000000670 	0		
00000266 0.13300000000000000710 	0		
00000267 0.13350000000000000760 	0		
00000268 0.13400000000000000800 	0		
00000269 0.13450000000000000840 	0		
00000270 0.13500000000000000890 	0		
00000271 0.13550000000000000930 	0		
00000272 0.13600000000000000980 	0		
00000273 0.13650000000000001020 	0		
00000274 0.13700000000000001070 	0		
00000275 0.13750000000000001110 	0		
00000276 0.13800000000000001160 	0		
00000277 0.13850000000000001200 	0		
00000278 0.13900000000000001240 	0		
00000279 0.13950000000000001290 	0		
00000280 0.14000000000000001330 	0		
00000281 0.14050000000000001380 	0		
00000282 0.14099999999999998640 	0		
00000283 0.14149999999999998690 	0		
00000284 0.14199999999999998730 	0		
00000285 0.14249999999999998780 	0		
00000286 0.14299999999999998820 	0		
00000287 0.14349999999999998870 	0		
00000288 0.14399999999999998910 	0		
00000289 0.14449999999999998960 	0		
00000290 0.14499999999999999000 	0		
00000291 0.14549999999999999040 	0		
00000292 0.14599999999999999090 	0		
00000293 0.14649999999999999130 	0		
00000294 0.14699999999999999180 	0		
00000295 0.14749999999999999220 	0		
00000296 0.14799999999999999270 	0		
00000297 0.14849999999999999310 	0		
00000298 0.14899999999999999360 	0		
00000299 0.14949999999999999400 	0		
00000300 0.14999999999999999440 	0		
00000301 0.15049999999999999490 	0		
00000302 0.15099999999999999530 	0		
00000303 0.15149999999999999580 	0		
00000304 0.15199999999999999620 	0		
00000305 0.15249999999999999670 	0		
00000306 0.15299999999999999710 	0		
00000307 0.15349999999999999760 	0		
00000308 0.15399999999999999800 	0		
00000309 0.15449999999999999840 	0		
00000310 0.15499999999999999890 	0		
00000311 0.15549999999999999930 	0		
00000312 0.15599999999999999980 	0		
00000313 0.15650000000000000020 	0		
00000314 0.15700000000000000070 	0		
00000315 0.15750000000000000110 	0		
00000316 0.15800000000000000160 	0		
00000317 0.15850000000000000200 	0		
00000318 0.15900000000000000240 	0		
00000319 0.15950000000000000290 	0		
00000320 0.16000000000000000330 	0		
00000321 0.16050000000000000380 	0		
00000322 0.16100000000000000420 	0		
00000323 0.16150000000000000470 	0		
00000324 0.16200000000000000510 	0		
00000325 0.16250000000000000560 	0		
00000326 0.16300000000000000600 	0		
00000327 0.16350000000000000640 	0		
00000328 0.16400000000000000690 	0		
00000329 0.16450000000000000730 	0		
00000330 0.16500000000000000780 	0		
00000331 0.16550000000000000820 	0		
00000332 0.16600000000000000870 	0		
00000333 0.16650000000000000910 	0		
00000334 0.16700000000000000960 	0		
00000335 0.16750000000000001000 	0		
00000336 0.16800000000000001040 	0		
00000337 0.16850000000000001090 	0		
00000338 0.16900000000000001130 	0		
00000339 0.16950000000000001180 	0		
00000340 0.17000000000000001220 	0		
00000341 0.17050000000000001270 	0		
00000342 0.17100000000000001310 	0		
00000343 0.17150000000000001360 	0		
00000344 0.17199999999999998620 	0		
00000345 0.17249999999999998670 	0		
00000346 0.17299999999999998710 	0		
00000347 0.17349999999999998760 	0		
00000348 0.17399999999999998800 	0		
00000349 0.17449999999999998840 	0		
00000350 0.17499999999999998890 	0		
00000351 0.17549999999999998930 	0		
00000352 0.17599999999999998980 	0		
00000353 0.17649999999999999020 	0		
00000354 0.17699999999999999070 	0		
00000355 0.17749999999999999110 	0		
00000356 0.17799999999999999160 	0		
00000357 0.17849999999999999200 	0		
00000358 0.17899999999999999240 	0		
00000359 0.17949999999999999290 	0		
00000360 0.17999999999999999330 	0		
00000361 0.18049999999999999380 	0		
00000362 0.18099999999999999420 	0		
00000363 0.18149999999999999470 	0		
00000364 0.18199999999999999510 	0		
00000365 0.18249999999999999560 	0		
00000366 0.18299999999999999600 	0		
00000367 0.18349999999999999640 	0		
00000368 0.18399999999999999690 	0		
00000369 0.18449999999999999730 	0		
00000370 0.18499999999999999780 	0		
00000371 0.18549999999999999820 	0		
00000372 0.18599999999999999870 	0		
00000373 0.18649999999999999910 	0		
00000374 0.18699999999999999960 	0		
00000375 0.18750000000000000000 	0		
00000376 0.18800000000000000040 	0		
00000377 0.18850000000000000090 	0		
00000378 0.18900000000000000130 	0		
00000379 0.18950000000000000180 	0		
00000380 0.19000000000000000220 	0		
00000381 0.19050000000000000270 	0		
00000382 0.19100000000000000310 	0		
00000383 0.19150000000000000360 	0		
00000384 0.19200000000000000400 	0		
00000385 0.19250000000000000440 	0		
00000386 0.19300000000000000490 	0		
00000387 0.19350000000000000530 	0		
00000388 0.19400000000000000580 	0		
00000389 0.19450000000000000620 	0		
00000390 0.19500000000000000670 	0		
00000391 0.19550000000000000710 	0		
00000392 0.19600000000000000760 	0		
00000393 0.19650000000000000800 	0		
00000394 0.19700000000000000840 	0		
00000395 0.19750000000000000890 	0		
00000396 0.19800000000000000930 	0		
00000397 0.19850000000000000980 	0		
00000398 0.19900000000000001020 	0		
00000399 0.19950000000000001070 	0		
00000400 0.20000000000000001110 	0		
00000401 0.20050000000000001160 	0		
00000402 0.20100000000000001200 	0		
00000403 0.20150000000000001240 	0		
00000404 0.20200000000000001290 	0		
00000405 0.20250000000000001330 	0		
00000406 0.20300000000000001380 	0		
00000407 0.20349999999999998640 	0		
00000408 0.20399999999999998690 	0		
00000409 0.20449999999999998730 	0		
00000410 0.20499999999999998780 	0		
00000411 0.20549999999999998820 	0		
00000412 0.20599999999999998870 	0		
00000413 0.20649999999999998910 	0		
00000414 0.20699999999999998960 	0		
00000415 0.20749999999999999000 	0		
00000416 0.20799999999999999040 	0		
00000417 0.20849999999999999090 	0		
00000418 0.20899999999999999130 	0		
00000419 0.20949999999999999180 	0		
00000420 0.20999999999999999220 	0		
00000421 0.21049999999999999270 	0		
00000422 0.21099999999999999310 	0		
00000423 0.21149999999999999360 	0		
00000424 0.21199999999999999400 	0		
00000425 0.21249999999999999440 	0		
00000426 0.21299999999999999490 	0		
00000427 0.21349999999999999530 	0		
00000428 0.21399999999999999580 	0		
00000429 0.21449999999999999620 	0		
00000430 0.21499999999999999670 	0		
00000431 0.21549999999999999710 	0		
00000432 0.21599999999999999760 	0		
00000433 0.21649999999999999800 	0		
00000434 0.21699999999999999840 	0		
00000435 0.21749999999999999890 	0		
00000436 0.21799999999999999930 	0		
00000437 0.21849999999999999980 	0		
00000438 0.21900000000000000020 	0		
00000439 0.21950000000000000070 	0		
00000440 0.22000000000000000110 	0		
00000441 0.22050000000000000160 	0		
00000442 0.22100000000000000200 	0		
00000443 0.22150000000000000240 	0		
00000444 0.22200000000000000290 	0		
00000445 0.22250000000000000330 	0		
00000446 0.22300000000000000380 	0		
00000447 0.22350000000000000420 	0		
00000448 0.22400000000000000470 	0		
00000449 0.22450000000000000510 	0		
00000450 0.22500000000000000560 	0		
00000451 0.22550000000000000600 	0		
00000452 0.22600000000000000640 	0		
00000453 0.22650000000000000690 	0		
00000454 0.22700000000000000730 	0		
00000455 0.22750000000000000780 	0		
00000456 0.22800000000000000820 	0		
00000457 0.22850000000000000870 	0		
00000458 0.22900000000000000910 	0		
00000459 0.22950000000000000960 	0		
00000460 0.23000000000000001000 	0		
00000461 0.23050000000000001040 	0		
00000462 0.23100000000000001090 	0		
00000463 0.23150000000000001130 	0		
00000464 0.23200000000000001180 	0		
00000465 0.23250000000000001220 	0		
00000466 0.23300000000000001260 	0		
00000467 0.23350000000000001310 	0		
00000468 0.23400000000000001360 	0		
00000469 0.23449999999999998620 	0		
00000470 0.23499999999999998670 	0		
00000471 0.23549999999999998710 	0		
00000472 0.23599999999999998760 	0		
00000473 0.23649999999999998800 	0		
00000474 0.23699999999999998840 	0		
00000475 0.23749999999999998890 	0		
00000476 0.23799999999999998940 	0		
00000477 0.23849999999999998980 	0		
00000478 0.23899999999999999020 	0		
00000479 0.23949999999999999070 	0		
00000480 0.23999999999999999110 	0		
00000481 0.24049999999999999160 	0		
00000482 0.24099999999999999200 	0		
00000483 0.24149999999999999240 	0		
00000484 0.24199999999999999290 	0		
00000485 0.24249999999999999340 	0		
00000486 0.24299999999999999380 	0		
00000487 0.24349999999999999420 	0		
00000488 0.24399999999999999470 	0		
00000489 0.24449999999999999510 	0		
00000490 0.24499999999999999560 	0		
00000491 0.24549999999999999600 	0		
00000492 0.24599999999999999640 	0		
00000493 0.24649999999999999690 	0		
00000494 0.24699999999999999730 	0		
00000495 0.24749999999999999780 	0		
00000496 0.24799999999999999820 	0		
00000497 0.24849999999999999870 	0		
00000498 0.24899999999999999910 	0		
00000499 0.24949999999999999960 	0		
00000500 0.25000000000000000000 	0		
00000501 0.25050000000000000040 	0		
00000502 0.25100000000000000090 	0		
00000503 0.25150000000000000130 	0		
00000504 0.25200000000000000180 	0		
00000505 0.25250000000000000220 	0		
00000506 0.25300000000000000270 	0		
00000507 0.25350000000000000310 	0		
00000508 0.25400000000000000360 	0		
00000509 0.25450000000000000400 	0		
00000510 0.25500000000000000440 	0		
00000511 0.25550000000000000490 	0		
00000512 0.25600000000000000530 	0		
00000513 0.25650000000000000580 	0		
00000514 0.25700000000000000620 	0		
00000515 0.25750000000000000660 	0		
00000516 0.25800000000000000710 	0		
00000517 0.25850000000000000760 	0		
00000518 0.25900000000000000800 	0		
00000519 0.25950000000000000840 	0		
00000520 0.26000000000000000890 	0		
00000521 0.26050000000000000930 	0		
00000522 0.26100000000000000980 	0		
00000523 0.26150000000000001020 	0		
00000524 0.26200000000000001060 	0		
00000525 0.26250000000000001110 	0		
00000526 0.26300000000000001160 	0		
00000527 0.26350000000000001200 	0		
00000528 0.26400000000000001240 	0		
00000529 0.26450000000000001290 	0		
00000530 0.26500000000000001330 	0		
00000531 0.26550000000000001380 	0		
00000532 0.26600000000000001420 	0		
00000533 0.26650000000000001460 	0		
00000534 0.26700000000000001510 	0		
00000535 0.26750000000000001560 	0		
00000536 0.26800000000000001600 	0		
00000537 0.26850000000000001640 	0		
00000538 0.26900000000000001690 	0		
00000539 0.26950000000000001730 	0		
00000540 0.27000000000000001780 	0		
00000541 0.27050000000000001820 	0		
00000542 0.27100000000000001860 	0		
00000543 0.27150000000000001910 	0		
00000544 0.27200000000000001960 	0		
00000545 0.27250000000000002000 	0		
00000546 0.27300000000000002040 	0		
00000547 0.27350000000000002090 	0		
00000548 0.27400000000000002130 	0		
00000549 0.27450000000000002180 	0		
00000550 0.27500000000000002220 	0		
00000551 0.27550000000000002260 	0		
00000552 0.27600000000000002310 	0		
00000553 0.27650000000000002350 	0		
00000554 0.27700000000000002400 	0		
00000555 0.27750000000000002440 	0		
00000556 0.27800000000000002490 	0		
00000557 0.27850000000000002530 	0		
00000558 0.27900000000000002580 	0		
00000559 0.27950000000000002620 	0		
00000560 0.28000000000000002660 	0		
00000561 0.28050000000000002710 	0		
00000562 0.28100000000000002750 	0		
00000563 0.28149999999999997250 	0		
00000564 0.28199999999999997290 	0		
00000565 0.28249999999999997340 	0		
00000566 0.28299999999999997380 	0		
00000567 0.28349999999999997420 	0		
00000568 0.28399999999999997470 	0		
00000569 0.28449999999999997510 	0		
00000570 0.28499999999999997560 	0		
00000571 0.28549999999999997600 	0		
00000572 0.28599999999999997650 	0		
00000573 0.28649999999999997690 	0		
00000574 0.28699999999999997740 	0		
00000575 0.28749999999999997780 	0		
00000576 0.28799999999999997820 	0		
00000577 0.28849999999999997870 	0		
00000578 0.28899999999999997910 	0		
00000579 0.28949999999999997960 	0		
00000580 0.28999999999999998000 	0		
00000581 0.29049999999999998040 	0		
00000582 0.29099999999999998090 	0		
00000583 0.29149999999999998140 	0		
00000584 0.29199999999999998180 	0		
00000585 0.29249999999999998220 	0		
00000586 0.29299999999999998270 	0		
00000587 0.29349999999999998310 	0		
00000588 0.29399999999999998360 	0		
00000589 0.29449999999999998400 	0		
00000590 0.29499999999999998440 	0		
00000591 0.29549999999999998490 	0		
00000592 0.29599999999999998540 	0		
00000593 0.29649999999999998580 	0		
00000594 0.29699999999999998620 	0		
00000595 0.29749999999999998670 	0		
00000596 0.29799999999999998710 	0		
00000597 0.29849999999999998760 	0		
00000598 0.29899999999999998800 	0		
00000599 0.29949999999999998840 	0		
00000600 0.29999999999999998890 	0		
00000601 0.30049999999999998940 	0		
00000602 0.30099999999999998980 	0		
00000603 0.30149999999999999020 	0		
00000604 0.30199999999999999070 	0		
00000605 0.30249999999999999110 	0		
00000606 0.30299999999999999160 	0		
00000607 0.30349999999999999200 	0		
00000608 0.30399999999999999240 	0		
00000609 0.30449999999999999290 	0		
00000610 0.30499999999999999340 	0		
00000611 0.30549999999999999380 	0		
00000612 0.30599999999999999420 	0		
00000613 0.30649999999999999470 	0		
00000614 0.30699999999999999510 	0		
00000615 0.30749999999999999560 	0		
00000616 0.30799999999999999600 	0		
00000617 0.30849999999999999640 	0		
00000618 0.30899999999999999690 	0		
00000619 0.30949999999999999730 	0		
00000620 0.30999999999999999780 	0		
00000621 0.31049999999999999820 	0		
00000622 0.31099999999999999870 	0		
00000623 0.31149999999999999910 	0		
00000624 0.31199999999999999960 	0		
00000625 0.31250000000000000000 	0		
00000626 0.31300000000000000040 	0		
00000627 0.31350000000000000090 	0		
00000628 0.31400000000000000130 	0		
00000629 0.31450000000000000180 	0		
00000630 0.31500000000000000220 	0		
00000631 0.31550000000000000270 	0		
00000632 0.31600000000000000310 	0		
00000633 0.31650000000000000360 	0		
00000634 0.31700000000000000400 	0		
00000635 0.31750000000000000440 	0		
00000636 0.31800000000000000490 	0		
00000637 0.31850000000000000530 	0		
00000638 0.31900000000000000580 	0		
00000639 0.31950000000000000620 	0		
00000640 0.32000000000000000660 	0		
00000641 0.32050000000000000710 	0		
00000642 0.32100000000000000760 	0		
00000643 0.32150000000000000800 	0		
00000644 0.32200000000000000840 	0		
00000645 0.32250000000000000890 	0		
00000646 0.32300000000000000930 	0		
00000647 0.32350000000000000980 	0		
00000648 0.32400000000000001020 	0		
00000649 0.32450000000000001060 	0		
00000650 0.32500000000000001110 	0		
00000651 0.32550000000000001160 	0		
00000652 0.32600000000000001200 	0		
00000653 0.32650000000000001240 	0		
00000654 0.32700000000000001290 	0		
00000655 0.32750000000000001330 	0		
00000656 0.32800000000000001380 	0		
00000657 0.32850000000000001420 	0		
00000658 0.32900000000000001460 	0		
00000659 0.32950000000000001510 	0		
00000660 0.33000000000000001560 	0		
00000661 0.33050000000000001600 	0		
00000662 0.33100000000000001640 	0		
00000663 0.33150000000000001690 	0		
00000664 0.33200000000000001730 	0		
00000665 0.33250000000000001780 	0		
00000666 0.33300000000000001820 	0		
00000667 0.33350000000000001860 	0		
00000668 0.33400000000000001910 	0		
00000669 0.33450000000000001960 	0		
00000670 0.33500000000000002000 	0		
00000671 0.33550000000000002040 	0		
00000672 0.33600000000000002090 	0		
00000673 0.33650000000000002130 	0		
00000674 0.33700000000000002180 	0		
00000675 0.33750000000000002220 	0		
00000676 0.33800000000000002260 	0		
00000677 0.33850000000000002310 	0		
00000678 0.33900000000000002350 	0		
00000679 0.33950000000000002400 	0		
00000680 0.34000000000000002440 	0		
00000681 0.34050000000000002490 	0		
00000682 0.34100000000000002530 	0		
00000683 0.34150000000000002580 	0		
00000684 0.34200000000000002620 	0		
00000685 0.34250000000000002660 	0		
00000686 0.34300000000000002710 	0		
00000687 0.34350000000000002750 	0		
00000688 0.34399999999999997250 	0		
00000689 0.34449999999999997290 	0		
00000690 0.34499999999999997340 	0		
00000691 0.34549999999999997380 	0		
00000692 0.34599999999999997420 	0		
00000693 0.34649999999999997470 	0		
00000694 0.34699999999999997510 	0		
00000695 0.34749999999999997560 	0		
00000696 0.34799999999999997600 	0		
00000697 0.34849999999999997650 	0		
00000698 0.34899999999999997690 	0		
00000699 0.34949999999999997740 	0		
00000700 0.34999999999999997780 	0		
00000701 0.35049999999999997820 	0		
00000702 0.35099999999999997870 	0		
00000703 0.35149999999999997910 	0		
00000704 0.35199999999999997960 	0		
00000705 0.35249999999999998000 	0		
00000706 0.35299999999999998040 	0		
00000707 0.35349999999999998090 	0		
00000708 0.35399999999999998140 	0		
00000709 0.35449999999999998180 	0		
00000710 0.35499999999999998220 	0		
00000711 0.35549999999999998270 	0		
00000712 0.35599999999999998310 	0		
00000713 0.35649999999999998360 	0		
00000714 0.35699999999999998400 	0		
00000715 0.35749999999999998440 	0		
00000716 0.35799999999999998490 	0		
00000717 0.35849999999999998540 	0		
00000718 0.35899999999999998580 	0		
00000719 0.35949999999999998620 	0		
00000720 0.35999999999999998670 	0		
00000721 0.36049999999999998710 	0		
00000722 0.36099999999999998760 	0		
00000723 0.36149999999999998800 	0		
00000724 0.36199999999999998840 	0		
00000725 0.36249999999999998890 	0		
00000726 0.36299999999999998940 	0		
00000727 0.36349999999999998980 	0		
00000728 0.36399999999999999020 	0		
00000729 0.36449999999999999070 	0		
00000730 0.36499999999999999110 	0		
00000731 0.36549999999999999160 	0		
00000732 0.36599999999999999200 	0		
00000733 0.36649999999999999240 	0		
00000734 0.36699999999999999290 	0		
00000735 0.36749999999999999340 	0		
00000736 0.36799999999999999380 	0		
00000737 0.36849999999999999420 	0		
00000738 0.36899999999999999470 	0		
00000739 0.36949999999999999510 	0		
00000740 0.36999999999999999560 	0		
00000741 0.37049999999999999600 	0		
00000742 0.37099999999999999640 	0		
00000743 0.37149999999999999690 	0		
00000744 0.37199999999999999730 	0		
00000745 0.37249999999999999780 	0		
00000746 0.37299999999999999820 	0		
00000747 0.37349999999999999870 	0		
00000748 0.37399999999999999910 	0		
00000749 0.37449999999999999960 	0		
00000750 0.37500000000000000000 	0		
00000751 0.37550000000000000040 	0		
00000752 0.37600000000000000090 	0		
00000753 0.37650000000000000130 	0		
00000754 0.37700000000000000180 	0		
00000755 0.37750000000000000220 	0		
00000756 0.37800000000000000270 	0		
00000757 0.37850000000000000310 	0		
00000758 0.37900000000000000360 	0		
00000759 0.37950000000000000400 	0		
00000760 0.38000000000000000440 	0		
00000761 0.38050000000000000490 	0		
00000762 0.38100000000000000530 	0		
00000763 0.38150000000000000580 	0		
00000764 0.38200000000000000620 	0		
00000765 0.38250000000000000660 	0		
00000766 0.38300000000000000710 	0		
00000767 0.38350000000000000760 	0		
00000768 0.38400000000000000800 	0		
00000769 0.38450000000000000840 	0		
00000770 0.38500000000000000890 	0		
00000771 0.38550000000000000930 	0		
00000772 0.38600000000000000980 	0		
00000773 0.38650000000000001020 	0		
00000774 0.38700000000000001060 	0		
00000775 0.38750000000000001110 	0		
00000776 0.38800000000000001160 	0		
00000777 0.38850000000000001200 	0		
00000778 0.38900000000000001240 	0		
00000779 0.38950000000000001290 	0		
00000780 0.39000000000000001330 	0		
00000781 0.39050000000000001380 	0		
00000782 0.39100000000000001420 	0		
00000783 0.39150000000000001460 	0		
00000784 0.39200000000000001510 	0		
00000785 0.39250000000000001560 	0		
00000786 0.39300000000000001600 	0		
00000787 0.39350000000000001640 	0		
00000788 0.39400000000000001690 	0		
00000789 0.39450000000000001730 	0		
00000790 0.39500000000000001780 	0		
00000791 0.39550000000000001820 	0		
00000792 0.39600000000000001860 	0		
00000793 0.39650000000000001910 	0		
00000794 0.39700000000000001960 	0		
00000795 0.39750000000000002000 	0		
00000796 0.39800000000000002040 	0		
00000797 0.39850000000000002090 	0		
00000798 0.39900000000000002130 	0		
00000799 0.39950000000000002180 	0		
00000800 0.40000000000000002220 	0		
00000801 0.40050000000000002260 	0		
00000802 0.40100000000000002310 	0		
00000803 0.40150000000000002350 	0		
00000804 0.40200000000000002400 	0		
00000805 0.40250000000000002440 	0		
00000806 0.40300000000000002490 	0		
00000807 0.40350000000000002530 	0		
00000808 0.40400000000000002580 	0		
00000809 0.40450000000000002620 	0		
00000810 0.40500000000000002660 	0		
00000811 0.40550000000000002710 	0		
00000812 0.40600000000000002750 	0		
00000813 0.40649999999999997250 	0		
00000814 0.40699999999999997290 	0		
00000815 0.40749999999999997340 	0		
00000816 0.40799999999999997380 	0		
00000817 0.40849999999999997420 	0		
00000818 0.40899999999999997470 	0		
00000819 0.40949999999999997510 	0		
00000820 0.40999999999999997560 	0		
00000821 0.41049999999999997600 	0		
00000822 0.41099999999999997650 	0		
00000823 0.41149999999999997690 	0		
00000824 0.41199999999999997740 	0		
00000825 0.41249999999999997780 	0		
00000826 0.41299999999999997820 	0		
00000827 0.41349999999999997870 	0		
00000828 0.41399999999999997910 	0		
00000829 0.41449999999999997960 	0		
00000830 0.41499999999999998000 	0		
00000831 0.41549999999999998040 	0		
00000832 0.41599999999999998090 	0		
00000833 0.41649999999999998140 	0		
00000834 0.41699999999999998180 	0		
00000835 0.41749999999999998220 	0		
00000836 0.41799999999999998270 	0		
00000837 0.41849999999999998310 	0		
00000838 0.41899999999999998360 	0		
00000839 0.41949999999999998400 	0		
00000840 0.41999999999999998440 	0		
00000841 0.42049999999999998490 	0		
00000842 0.42099999999999998540 	0		
00000843 0.42149999999999998580 	0		
00000844 0.42199999999999998620 	0		
00000845 0.42249999999999998670 	0		
00000846 0.42299999999999998710 	0		
00000847 0.42349999999999998760 	0		
00000848 0.42399999999999998800 	0		
00000849 0.42449999999999998840 	0		
00000850 0.42499999999999998890 	0		
00000851 0.42549999999999998940 	0		
00000852 0.42599999999999998980 	0		
00000853 0.42649999999999999020 	0		
00000854 0.42699999999999999070 	0		
00000855 0.42749999999999999110 	0		
00000856 0.42799999999999999160 	0		
00000857 0.42849999999999999200 	0		
00000858 0.42899999999999999240 	0		
00000859 0.42949999999999999290 	0		
00000860 0.42999999999999999340 	0		
00000861 0.43049999999999999380 	0		
00000862 0.43099999999999999420 	0		
00000863 0.43149999999999999470 	0		
00000864 0.43199999999999999510 	0		
00000865 0.43249999999999999560 	0		
00000866 0.43299999999999999600 	0		
00000867 0.43349999999999999640 	0		
00000868 0.43399999999999999690 	0		
00000869 0.43449999999999999730 	0		
00000870 0.43499999999999999780 	0		
00000871 0.43549999999999999820 	0		
00000872 0.43599999999999999870 	0		
00000873 0.43649999999999999910 	0		
00000874 0.43699999999999999960 	0		
00000875 0.43750000000000000000 	0		
00000876 0.43800000000000000040 	0		
00000877 0.43850000000000000090 	0		
00000878 0.43900000000000000130 	0		
00000879 0.43950000000000000180 	0		
00000880 0.44000000000000000220 	0		
00000881 0.44050000000000000270 	0		
00000882 0.44100000000000000310 	0		
00000883 0.44150000000000000360 	0		
00000884 0.44200000000000000400 	0		
00000885 0.44250000000000000440 	0		
00000886 0.44300000000000000490 	0		
00000887 0.44350000000000000530 	0		
00000888 0.44400000000000000580 	0		
00000889 0.44450000000000000620 	0		
00000890 0.44500000000000000660 	0		
00000891 0.44550000000000000710 	0		
00000892 0.44600000000000000760 	0		
00000893 0.44650000000000000800 	0		
00000894 0.44700000000000000840 	0		
00000895 0.44750000000000000890 	0		
00000896 0.44800000000000000930 	0		
00000897 0.44850000000000000980 	0		
00000898 0.44900000000000001020 	0		
00000899 0.44950000000000001060 	0		
00000900 0.45000000000000001110 	0		
00000901 0.45050000000000001160 	0		
00000902 0.45100000000000001200 	0		
00000903 0.45150000000000001240 	0		
00000904 0.45200000000000001290 	0		
00000905 0.45250000000000001330 	0		
00000906 0.45300000000000001380 	0		
00000907 0.45350000000000001420 	0		
00000908 0.45400000000000001460 	0		
00000909 0.45450000000000001510 	0		
00000910 0.45500000000000001560 	0		
00000911 0.45550000000000001600 	0		
00000912 0.45600000000000001640 	0		
00000913 0.45650000000000001690 	0		
00000914 0.45700000000000001730 	0		
00000915 0.45750000000000001780 	0		
00000916 0.45800000000000001820 	0		
00000917 0.45850000000000001860 	0		
00000918 0.45900000000000001910 	0		
00000919 0.45950000000000001960 	0		
00000920 0.46000000000000002000 	0		
00000921 0.46050000000000002040 	0		
00000922 0.46100000000000002090 	0		
00000923 0.46150000000000002130 	0		
00000924 0.46200000000000002180 	0		
00000925 0.46250000000000002220 	0		
00000926 0.46300000000000002260 	0		
00000927 0.46350000000000002310 	0		
00000928 0.46400000000000002360 	0		
00000929 0.46450000000000002400 	0		
00000930 0.46500000000000002440 	0		
00000931 0.46550000000000002480 	0		
00000932 0.46600000000000002530 	0		
00000933 0.46650000000000002580 	0		
00000934 0.46700000000000002620 	0		
00000935 0.46750000000000002660 	0		
00000936 0.46800000000000002710 	0		
00000937 0.46850000000000002760 	0		
00000938 0.46899999999999997240 	0		
00000939 0.46949999999999997290 	0		
00000940 0.46999999999999997340 	0		
00000941 0.47049999999999997380 	0		
00000942 0.47099999999999997420 	0		
00000943 0.47149999999999997470 	0		
00000944 0.47199999999999997520 	0		
00000945 0.47249999999999997560 	0		
00000946 0.47299999999999997600 	0		
00000947 0.47349999999999997640 	0		
00000948 0.47399999999999997690 	0		
00000949 0.47449999999999997740 	0		
00000950 0.47499999999999997780 	0		
00000951 0.47549999999999997820 	0		
00000952 0.47599999999999997870 	0		
00000953 0.47649999999999997920 	0		
00000954 0.47699999999999997960 	0		
00000955 0.47749999999999998000 	0		
00000956 0.47799999999999998040 	0		
00000957 0.47849999999999998090 	0		
00000958 0.47899999999999998140 	0		
00000959 0.47949999999999998180 	0		
00000960 0.47999999999999998220 	0		
00000961 0.48049999999999998270 	0		
00000962 0.48099999999999998310 	0		
00000963 0.48149999999999998360 	0		
00000964 0.48199999999999998400 	0		
00000965 0.48249999999999998440 	0		
00000966 0.48299999999999998490 	0		
00000967 0.48349999999999998540 	0		
00000968 0.48399999999999998580 	0		
00000969 0.48449999999999998620 	0		
00000970 0.48499999999999998670 	0		
00000971 0.48549999999999998710 	0		
00000972 0.48599999999999998760 	0		
00000973 0.48649999999999998800 	0		
00000974 0.48699999999999998840 	0		
00000975 0.48749999999999998890 	0		
00000976 0.48799999999999998940 	0		
00000977 0.48849999999999998980 	0		
00000978 0.48899999999999999020 	0		
00000979 0.48949999999999999060 	0		
00000980 0.48999999999999999110 	0		
00000981 0.49049999999999999160 	0		
00000982 0.49099999999999999200 	0		
00000983 0.49149999999999999240 	0		
00000984 0.49199999999999999290 	0		
00000985 0.49249999999999999340 	0		
00000986 0.49299999999999999380 	0		
00000987 0.49349999999999999420 	0		
00000988 0.49399999999999999460 	0		
00000989 0.49449999999999999510 	0		
00000990 0.49499999999999999560 	0		
00000991 0.49549999999999999600 	0		
00000992 0.49599999999999999640 	0		
00000993 0.49649999999999999690 	0		
00000994 0.49699999999999999740 	0		
00000995 0.49749999999999999780 	0		
00000996 0.49799999999999999820 	0		
00000997 0.49849999999999999860 	0		
00000998 0.49899999999999999910 	0		
00000999 0.49949999999999999960 	0		
00001000 0.50000000000000000000 	0		
00001001 0.50049999999999994500 	0		
00001002 0.50100000000000000090 	0		
00001003 0.50149999999999994580 	0		
00001004 0.50200000000000000180 	0		
00001005 0.50249999999999994670 	0		
00001006 0.50300000000000000260 	0		
00001007 0.50349999999999994760 	0		
00001008 0.50400000000000000360 	0		
00001009 0.50449999999999994850 	0		
00001010 0.50500000000000000440 	0		
00001011 0.50549999999999994940 	0		
00001012 0.50600000000000000540 	0		
00001013 0.50649999999999995020 	0		
00001014 0.50700000000000000620 	0		
00001015 0.50749999999999995120 	0		
00001016 0.50800000000000000710 	0		
00001017 0.50849999999999995200 	0		
00001018 0.50900000000000000800 	0		
00001019 0.50949999999999995300 	0		
00001020 0.51000000000000000890 	0		
00001021 0.51049999999999995380 	0		
00001022 0.51100000000000000980 	0		
00001023 0.51149999999999995470 	0		
00001024 0.51200000000000001060 	0		
00001025 0.51249999999999995560 	0		
00001026 0.51300000000000001160 	0		
00001027 0.51349999999999995650 	0		
00001028 0.51400000000000001240 	0		
00001029 0.51449999999999995740 	0		
00001030 0.51500000000000001330 	0		
00001031 0.51549999999999995820 	0		
00001032 0.51600000000000001420 	0		
00001033 0.51649999999999995920 	0		
00001034 0.51700000000000001510 	0		
00001035 0.51749999999999996000 	0		
00001036 0.51800000000000001600 	0		
00001037 0.51849999999999996090 	0		
00001038 0.51900000000000001690 	0		
00001039 0.51949999999999996180 	0		
00001040 0.52000000000000001780 	0		
00001041 0.52049999999999996270 	0		
00001042 0.52100000000000001860 	0		
00001043 0.52149999999999996360 	0		
00001044 0.52200000000000001960 	0		
00001045 0.52249999999999996440 	0		
00001046 0.52300000000000002040 	0		
00001047 0.52349999999999996540 	0		
00001048 0.52400000000000002130 	0		
00001049 0.52449999999999996620 	0		
00001050 0.52500000000000002220 	0		
00001051 0.52549999999999996720 	0		
00001052 0.52600000000000002310 	0		
00001053 0.52649999999999996800 	0		
00001054 0.52700000000000002400 	0		
00001055 0.52749999999999996890 	0		
00001056 0.52800000000000002480 	0		
00001057 0.52849999999999996980 	0		
00001058 0.52900000000000002580 	0		
00001059 0.52949999999999997070 	0		
00001060 0.53000000000000002660 	0		
00001061 0.53049999999999997160 	0		
00001062 0.53100000000000002760 	0		
00001063 0.53149999999999997240 	0		
00001064 0.53200000000000002840 	0		
00001065 0.53249999999999997340 	0		
00001066 0.53300000000000002930 	0		
00001067 0.53349999999999997420 	0		
00001068 0.53400000000000003020 	0		
00001069 0.53449999999999997520 	0		
00001070 0.53500000000000003110 	0		
00001071 0.53549999999999997600 	0		
00001072 0.53600000000000003200 	0		
00001073 0.53649999999999997690 	0		
00001074 0.53700000000000003280 	0		
00001075 0.53749999999999997780 	0		
00001076 0.53800000000000003380 	0		
00001077 0.53849999999999997870 	0		
00001078 0.53900000000000003460 	0		
00001079 0.53949999999999997960 	0		
00001080 0.54000000000000003560 	0		
00001081 0.54049999999999998040 	0		
00001082 0.54100000000000003640 	0		
00001083 0.54149999999999998140 	0		
00001084 0.54200000000000003730 	0		
00001085 0.54249999999999998220 	0		
00001086 0.54300000000000003820 	0		
00001087 0.54349999999999998310 	0		
00001088 0.54400000000000003910 	0		
00001089 0.54449999999999998400 	0		
00001090 0.54500000000000004000 	0		
00001091 0.54549999999999998490 	0		
00001092 0.54600000000000004080 	0		
00001093 0.54649999999999998580 	0		
00001094 0.54700000000000004180 	0		
00001095 0.54749999999999998670 	0		
00001096 0.54800000000000004260 	0		
00001097 0.54849999999999998760 	0		
00001098 0.54900000000000004350 	0		
00001099 0.54949999999999998840 	0		
00001100 0.55000000000000004440 	0		
00001101 0.55049999999999998940 	0		
00001102 0.55100000000000004530 	0		
00001103 0.55149999999999999020 	0		
00001104 0.55200000000000004620 	0		
00001105 0.55249999999999999110 	0		
00001106 0.55300000000000004700 	0		
00001107 0.55349999999999999200 	0		
00001108 0.55400000000000004800 	0		
00001109 0.55449999999999999290 	0		
00001110 0.55500000000000004880 	0		
00001111 0.55549999999999999380 	0		
00001112 0.55600000000000004980 	0		
00001113 0.55649999999999999460 	0		
00001114 0.55700000000000005060 	0		
00001115 0.55749999999999999560 	0		
00001116 0.55800000000000005150 	0		
00001117 0.55849999999999999640 	0		
00001118 0.55900000000000005240 	0		
00001119 0.55949999999999999740 	0		
00001120 0.56000000000000005330 	0		
00001121 0.56049999999999999820 	0		
00001122 0.56100000000000005420 	0		
00001123 0.56149999999999999910 	0		
00001124 0.56200000000000005500 	0		
00001125 0.56250000000000000000 	0		
00001126 0.56299999999999994500 	0		
00001127 0.56350000000000000090 	0		
00001128 0.56399999999999994580 	0		
00001129 0.56450000000000000180 	0		
00001130 0.56499999999999994670 	0		
00001131 0.56550000000000000260 	0		
00001132 0.56599999999999994760 	0		
00001133 0.56650000000000000360 	0		
00001134 0.56699999999999994850 	0		
00001135 0.56750000000000000440 	0		
00001136 0.56799999999999994940 	0		
00001137 0.56850000000000000540 	0		
00001138 0.56899999999999995020 	0		
00001139 0.56950000000000000620 	0		
00001140 0.56999999999999995120 	0		
00001141 0.57050000000000000710 	0		
00001142 0.57099999999999995200 	0		
00001143 0.57150000000000000800 	0		
00001144 0.57199999999999995300 	0		
00001145 0.57250000000000000890 	0		
00001146 0.57299999999999995380 	0		
00001147 0.57350000000000000980 	0		
00001148 0.57399999999999995470 	0		
00001149 0.57450000000000001060 	0		
00001150 0.57499999999999995560 	0		
00001151 0.57550000000000001160 	0		
00001152 0.57599999999999995650 	0		
00001153 0.57650000000000001240 	0		
00001154 0.57699999999999995740 	0		
00001155 0.57750000000000001330 	0		
00001156 0.57799999999999995820 	0		
00001157 0.57850000000000001420 	0		
00001158 0.57899999999999995920 	0		
00001159 0.57950000000000001510 	0		
00001160 0.57999999999999996000 	0		
00001161 0.58050000000000001600 	0		
00001162 0.58099999999999996090 	0		
00001163 0.58150000000000001690 	0		
00001164 0.58199999999999996180 	0		
00001165 0.58250000000000001780 	0		
00001166 0.58299999999999996270 	0		
00001167 0.58350000000000001860 	0		
00001168 0.58399999999999996360 	0		
00001169 0.58450000000000001960 	0		
00001170 0.58499999999999996440 	0		
00001171 0.58550000000000002040 	0		
00001172 0.58599999999999996540 	0		
00001173 0.58650000000000002130 	0		
00001174 0.58699999999999996620 	0		
00001175 0.58750000000000002220 	0		
00001176 0.58799999999999996720 	0		
00001177 0.58850000000000002310 	0		
00001178 0.58899999999999996800 	0		
00001179 0.58950000000000002400 	0		
00001180 0.58999999999999996890 	0		
00001181 0.59050000000000002480 	0		
00001182 0.59099999999999996980 	0		
00001183 0.59150000000000002580 	0		
00001184 0.59199999999999997070 	0		
00001185 0.59250000000000002660 	0		
00001186 0.59299999999999997160 	0		
00001187 0.59350000000000002760 	0		
00001188 0.59399999999999997240 	0		
00001189 0.59450000000000002840 	0		
00001190 0.59499999999999997340 	0		
00001191 0.59550000000000002930 	0		
00001192 0.59599999999999997420 	0		
00001193 0.59650000000000003020 	0		
00001194 0.59699999999999997520 	0		
00001195 0.59750000000000003110 	0		
00001196 0.59799999999999997600 	0		
00001197 0.59850000000000003200 	0		
00001198 0.59899999999999997690 	0		
00001199 0.59950000000000003280 	0		
00001200 0.59999999999999997780 	0		
00001201 0.60050000000000003380 	0		
00001202 0.60099999999999997870 	0		
00001203 0.60150000000000003460 	0		
00001204 0.60199999999999997960 	0		
00001205 0.60250000000000003560 	0		
00001206 0.60299999999999998040 	0		
00001207 0.60350000000000003640 	0		
00001208 0.60399999999999998140 	0		
00001209 0.60450000000000003730 	0		
00001210 0.60499999999999998220 	0		
00001211 0.60550000000000003820 	0		
00001212 0.60599999999999998310 	0		
00001213 0.60650000000000003910 	0		
00001214 0.60699999999999998400 	0		
00001215 0.60750000000000004000 	0		
00001216 0.60799999999999998490 	0		
00001217 0.60850000000000004080 	0		
00001218 0.60899999999999998580 	0		
00001219 0.60950000000000004180 	0		
00001220 0.60999999999999998670 	0		
00001221 0.61050000000000004260 	0		
00001222 0.61099999999999998760 	0		
00001223 0.61150000000000004350 	0		
00001224 0.61199999999999998840 	0		
00001225 0.61250000000000004440 	0		
00001226 0.61299999999999998940 	0		
00001227 0.61350000000000004530 	0		
00001228 0.61399999999999999020 	0		
00001229 0.61450000000000004620 	0		
00001230 0.61499999999999999110 	0		
00001231 0.61550000000000004700 	0		
00001232 0.61599999999999999200 	0		
00001233 0.61650000000000004800 	0		
00001234 0.61699999999999999290 	0		
00001235 0.61750000000000004880 	0		
00001236 0.61799999999999999380 	0		
00001237 0.61850000000000004980 	0		
00001238 0.61899999999999999460 	0		
00001239 0.61950000000000005060 	0		
00001240 0.61999999999999999560 	0		
00001241 0.62050000000000005150 	0		
00001242 0.62099999999999999640 	0		
00001243 0.62150000000000005240 	0		
00001244 0.62199999999999999740 	0		
00001245 0.62250000000000005330 	0		
00001246 0.62299999999999999820 	0		
00001247 0.62350000000000005420 	0		
00001248 0.62399999999999999910 	0		
00001249 0.62450000000000005500 	0		
00001250 0.62500000000000000000 	0		
00001251 0.62549999999999994500 	0		
00001252 0.62600000000000000090 	0		
00001253 0.62649999999999994580 	0		
00001254 0.62700000000000000180 	0		
00001255 0.62749999999999994670 	0		
00001256 0.62800000000000000260 	0		
00001257 0.62849999999999994760 	0		
00001258 0.62900000000000000360 	0		
00001259 0.62949999999999994850 	0		
00001260 0.63000000000000000440 	0		
00001261 0.63049999999999994940 	0		
00001262 0.63100000000000000540 	0		
00001263 0.63149999999999995020 	0		
00001264 0.63200000000000000620 	0		
00001265 0.63249999999999995120 	0		
00001266 0.63300000000000000710 	0		
00001267 0.63349999999999995200 	0		
00001268 0.63400000000000000800 	0		
00001269 0.63449999999999995300 	0		
00001270 0.63500000000000000890 	0		
00001271 0.63549999999999995380 	0		
00001272 0.63600000000000000980 	0		
00001273 0.63649999999999995470 	0		
00001274 0.63700000000000001060 	0		
00001275 0.63749999999999995560 	0		
00001276 0.63800000000000001160 	0		
00001277 0.63849999999999995650 	0		
00001278 0.63900000000000001240 	0		
00001279 0.63949999999999995740 	0		
00001280 0.64000000000000001330 	0		
00001281 0.64049999999999995820 	0		
00001282 0.64100000000000001420 	0		
00001283 0.64149999999999995920 	0		
00001284 0.64200000000000001510 	0		
00001285 0.64249999999999996000 	0		
00001286 0.64300000000000001600 	0		
00001287 0.64349999999999996090 	0		
00001288 0.64400000000000001690 	0		
00001289 0.64449999999999996180 	0		
00001290 0.64500000000000001780 	0		
00001291 0.64549999999999996270 	0		
00001292 0.64600000000000001860 	0		
00001293 0.64649999999999996360 	0		
00001294 0.64700000000000001960 	0		
00001295 0.64749999999999996440 	0		
00001296 0.64800000000000002040 	0		
00001297 0.64849999999999996540 	0		
00001298 0.64900000000000002130 	0		
00001299 0.64949999999999996620 	0		
00001300 0.65000000000000002220 	0		
00001301 0.65049999999999996720 	0		
00001302 0.65100000000000002310 	0		
00001303 0.65149999999999996800 	0		
00001304 0.65200000000000002400 	0		
00001305 0.65249999999999996890 	0		
00001306 0.65300000000000002480 	0		
00001307 0.65349999999999996980 	0		
00001308 0.65400000000000002580 	0		
00001309 0.65449999999999997070 	0		
00001310 0.65500000000000002660 	0		
00001311 0.65549999999999997160 	0		
00001312 0.65600000000000002760 	0		
00001313 0.65649999999999997240 	0		
00001314 0.65700000000000002840 	0		
00001315 0.65749999999999997340 	0		
00001316 0.65800000000000002930 	0		
00001317 0.65849999999999997420 	0		
00001318 0.65900000000000003020 	0		
00001319 0.65949999999999997520 	0		
00001320 0.66000000000000003110 	0		
00001321 0.66049999999999997600 	0		
00001322 0.66100000000000003200 	0		
00001323 0.66149999999999997690 	0		
00001324 0.66200000000000003280 	0		
00001325 0.66249999999999997780 	0		
00001326 0.66300000000000003380 	0		
00001327 0.66349999999999997870 	0		
00001328 0.66400000000000003460 	0		
00001329 0.66449999999999997960 	0		
00001330 0.66500000000000003560 	0		
00001331 0.66549999999999998040 	0		
00001332 0.66600000000000003640 	0		
00001333 0.66649999999999998140 	0		
00001334 0.66700000000000003730 	0		
00001335 0.66749999999999998220 	0		
00001336 0.66800000000000003820 	0		
00001337 0.66849999999999998310 	0		
00001338 0.66900000000000003910 	0		
00001339 0.66949999999999998400 	0		
00001340 0.67000000000000004000 	0		
00001341 0.67049999999999998490 	0		
00001342 0.67100000000000004080 	0		
00001343 0.67149999999999998580 	0		
00001344 0.67200000000000004180 	0		
00001345 0.67249999999999998670 	0		
00001346 0.67300000000000004260 	0		
00001347 0.67349999999999998760 	0		
00001348 0.67400000000000004350 	0		
00001349 0.67449999999999998840 	0		
00001350 0.67500000000000004440 	0		
00001351 0.67549999999999998940 	0		
00001352 0.67600000000000004530 	0		
00001353 0.67649999999999999020 	0		
00001354 0.67700000000000004620 	0		
00001355 0.67749999999999999110 	0		
00001356 0.67800000000000004700 	0		
00001357 0.67849999999999999200 	0		
00001358 0.67900000000000004800 	0		
00001359 0.67949999999999999290 	0		
00001360 0.68000000000000004880 	0		
00001361 0.68049999999999999380 	0		
00001362 0.68100000000000004980 	0		
00001363 0.68149999999999999460 	0		
00001364 0.68200000000000005060 	0		
00001365 0.68249999999999999560 	0		
00001366 0.68300000000000005150 	0		
00001367 0.68349999999999999640 	0		
00001368 0.68400000000000005240 	0		
00001369 0.68449999999999999740 	0		
00001370 0.68500000000000005330 	0		
00001371 0.68549999999999999820 	0		
00001372 0.68600000000000005420 	0		
00001373 0.68649999999999999910 	0		
00001374 0.68700000000000005500 	0		
00001375 0.68750000000000000000 	0		
00001376 0.68799999999999994500 	0		
00001377 0.68850000000000000090 	0		
00001378 0.68899999999999994580 	0		
00001379 0.68950000000000000180 	0		
00001380 0.68999999999999994670 	0		
00001381 0.69050000000000000260 	0		
00001382 0.69099999999999994760 	0		
00001383 0.69150000000000000360 	0		
00001384 0.69199999999999994850 	0		
00001385 0.69250000000000000440 	0		
00001386 0.69299999999999994940 	0		
00001387 0.69350000000000000540 	0		
00001388 0.69399999999999995020 	0		
00001389 0.69450000000000000620 	0		
00001390 0.69499999999999995120 	0		
00001391 0.69550000000000000710 	0		
00001392 0.69599999999999995200 	0		
00001393 0.69650000000000000800 	0		
00001394 0.69699999999999995300 	0		
00001395 0.69750000000000000890 	0		
00001396 0.69799999999999995380 	0		
00001397 0.69850000000000000980 	0		
00001398 0.69899999999999995470 	0		
00001399 0.69950000000000001060 	0		
00001400 0.69999999999999995560 	0		
00001401 0.70050000000000001160 	0		
00001402 0.70099999999999995650 	0		
00001403 0.70150000000000001240 	0		
00001404 0.70199999999999995740 	0		
00001405 0.70250000000000001330 	0		
00001406 0.70299999999999995820 	0		
00001407 0.70350000000000001420 	0		
00001408 0.70399999999999995920 	0		
00001409 0.70450000000000001510 	0		
00001410 0.70499999999999996000 	0		
00001411 0.70550000000000001600 	0		
00001412 0.70599999999999996090 	0		
00001413 0.70650000000000001690 	0		
00001414 0.70699999999999996180 	0		
00001415 0.70750000000000001780 	0		
00001416 0.70799999999999996270 	0		
00001417 0.70850000000000001860 	0		
00001418 0.70899999999999996360 	0		
00001419 0.70950000000000001960 	0		
00001420 0.70999999999999996440 	0		
00001421 0.71050000000000002040 	0		
00001422 0.71099999999999996540 	0		
00001423 0.71150000000000002130 	0		
00001424 0.71199999999999996620 	0		
00001425 0.71250000000000002220 	0		
00001426 0.71299999999999996720 	0		
00001427 0.71350000000000002310 	0		
00001428 0.71399999999999996800 	0		
00001429 0.71450000000000002400 	0		
00001430 0.71499999999999996890 	0		
00001431 0.71550000000000002480 	0		
00001432 0.71599999999999996980 	0		
00001433 0.71650000000000002580 	0		
00001434 0.71699999999999997070 	0		
00001435 0.71750000000000002660 	0		
00001436 0.71799999999999997160 	0		
00001437 0.71850000000000002760 	0		
00001438 0.71899999999999997240 	0		
00001439 0.71950000000000002840 	0		
00001440 0.71999999999999997340 	0		
00001441 0.72050000000000002930 	0		
00001442 0.72099999999999997420 	0		
00001443 0.72150000000000003020 	0		
00001444 0.72199999999999997520 	0		
00001445 0.72250000000000003110 	0		
00001446 0.72299999999999997600 	0		
00001447 0.72350000000000003200 	0		
00001448 0.72399999999999997690 	0		
00001449 0.72450000000000003280 	0		
00001450 0.72499999999999997780 	0		
00001451 0.72550000000000003380 	0		
00001452 0.72599999999999997870 	0		
00001453 0.72650000000000003460 	0		
00001454 0.72699999999999997960 	0		
00001455 0.72750000000000003560 	0		
00001456 0.72799999999999998040 	0		
00001457 0.72850000000000003640 	0		
00001458 0.72899999999999998140 	0		
00001459 0.72950000000000003730 	0		
00001460 0.72999999999999998220 	0		
00001461 0.73050000000000003820 	0		
00001462 0.73099999999999998310 	0		
00001463 0.73150000000000003910 	0		
00001464 0.73199999999999998400 	0		
00001465 0.73250000000000004000 	0		
00001466 0.73299999999999998490 	0		
00001467 0.73350000000000004080 	0		
00001468 0.73399999999999998580 	0		
00001469 0.73450000000000004180 	0		
00001470 0.73499999999999998670 	0		
00001471 0.73550000000000004260 	0		
00001472 0.73599999999999998760 	0		
00001473 0.73650000000000004350 	0		
00001474 0.73699999999999998840 	0		
00001475 0.73750000000000004440 	0		
00001476 0.73799999999999998940 	0		
00001477 0.73850000000000004530 	0		
00001478 0.73899999999999999020 	0		
00001479 0.73950000000000004620 	0		
00001480 0.73999999999999999110 	0		
00001481 0.74050000000000004700 	0		
00001482 0.74099999999999999200 	0		
00001483 0.74150000000000004800 	0		
00001484 0.74199999999999999290 	0		
00001485 0.74250000000000004880 	0		
00001486 0.74299999999999999380 	0		
00001487 0.74350000000000004980 	0		
00001488 0.74399999999999999460 	0		
00001489 0.74450000000000005060 	0		
00001490 0.74499999999999999560 	0		
00001491 0.74550000000000005150 	0		
00001492 0.74599999999999999640 	0		
00001493 0.74650000000000005240 	0		
00001494 0.74699999999999999740 	0		
00001495 0.74750000000000005330 	0		
00001496 0.74799999999999999820 	0		
00001497 0.74850000000000005420 	0		
00001498 0.74899999999999999910 	0		
00001499 0.74950000000000005500 	0		
00001500 0.75000000000000000000 	0		
00001501 0.75049999999999994500 	0		
00001502 0.75100000000000000090 	0		
00001503 0.75149999999999994580 	0		
00001504 0.75200000000000000180 	0		
00001505 0.75249999999999994670 	0		
00001506 0.75300000000000000260 	0		
00001507 0.75349999999999994760 	0		
00001508 0.75400000000000000360 	0		
00001509 0.75449999999999994850 	0		
00001510 0.75500000000000000440 	0		
00001511 0.75549999999999994940 	0		
00001512 0.75600000000000000540 	0		
00001513 0.75649999999999995020 	0		
00001514 0.75700000000000000620 	0		
00001515 0.75749999999999995120 	0		
00001516 0.75800000000000000710 	0		
00001517 0.75849999999999995200 	0		
00001518 0.75900000000000000800 	0		
00001519 0.75949999999999995300 	0		
00001520 0.76000000000000000890 	0		
00001521 0.76049999999999995380 	0		
00001522 0.76100000000000000980 	0		
00001523 0.76149999999999995470 	0		
00001524 0.76200000000000001060 	0		
00001525 0.76249999999999995560 	0		
00001526 0.76300000000000001160 	0		
00001527 0.76349999999999995650 	0		
00001528 0.76400000000000001240 	0		
00001529 0.76449999999999995740 	0		
00001530 0.76500000000000001330 	0		
00001531 0.76549999999999995820 	0		
00001532 0.76600000000000001420 	0		
00001533 0.76649999999999995920 	0		
00001534 0.76700000000000001510 	0		
00001535 0.76749999999999996000 	0		
00001536 0.76800000000000001600 	0		
00001537 0.76849999999999996090 	0		
00001538 0.76900000000000001690 	0		
00001539 0.76949999999999996180 	0		
00001540 0.77000000000000001780 	0		
00001541 0.77049999999999996270 	0		
00001542 0.77100000000000001860 	0		
00001543 0.77149999999999996360 	0		
00001544 0.77200000000000001960 	0		
00001545 0.77249999999999996440 	0		
00001546 0.77300000000000002040 	0		
00001547 0.77349999999999996540 	0		
00001548 0.77400000000000002130 	0		
00001549 0.77449999999999996620 	0		
00001550 0.77500000000000002220 	0		
00001551 0.77549999999999996720 	0		
00001552 0.77600000000000002310 	0		
00001553 0.77649999999999996800 	0		
00001554 0.77700000000000002400 	0		
00001555 0.77749999999999996890 	0		
00001556 0.77800000000000002480 	0		
00001557 0.77849999999999996980 	0		
00001558 0.77900000000000002580 	0		
00001559 0.77949999999999997070 	0		
00001560 0.78000000000000002660 	0		
00001561 0.78049999999999997160 	0		
00001562 0.78100000000000002760 	0		
00001563 0.78149999999999997240 	0		
00001564 0.78200000000000002840 	0		
00001565 0.78249999999999997340 	0		
00001566 0.78300000000000002930 	0		
00001567 0.78349999999999997420 	0		
00001568 0.78400000000000003020 	0		
00001569 0.78449999999999997520 	0		
00001570 0.78500000000000003110 	0		
00001571 0.78549999999999997600 	0		
00001572 0.78600000000000003200 	0		
00001573 0.78649999999999997690 	0		
00001574 0.78700000000000003280 	0		
00001575 0.78749999999999997780 	0		
00001576 0.78800000000000003380 	0		
00001577 0.78849999999999997870 	0		
00001578 0.78900000000000003460 	0		
00001579 0.78949999999999997960 	0		
00001580 0.79000000000000003560 	0		
00001581 0.79049999999999998040 	0		
00001582 0.79100000000000003640 	0		
00001583 0.79149999999999998140 	0		
00001584 0.79200000000000003730 	0		
00001585 0.79249999999999998220 	0		
00001586 0.79300000000000003820 	0		
00001587 0.79349999999999998310 	0		
00001588 0.79400000000000003910 	0		
00001589 0.79449999999999998400 	0		
00001590 0.79500000000000004000 	0		
00001591 0.79549999999999998490 	0		
00001592 0.79600000000000004080 	0		
00001593 0.79649999999999998580 	0		
00001594 0.79700000000000004180 	0		
00001595 0.79749999999999998670 	0		
00001596 0.79800000000000004260 	0		
00001597 0.79849999999999998760 	0		
00001598 0.79900000000000004350 	0		
00001599 0.79949999999999998840 	0		
00001600 0.80000000000000004440 	0		
00001601 0.80049999999999998940 	0		
00001602 0.80100000000000004530 	0		
00001603 0.80149999999999999020 	0		
00001604 0.80200000000000004620 	0		
00001605 0.80249999999999999110 	0		
00001606 0.80300000000000004700 	0		
00001607 0.80349999999999999200 	0		
00001608 0.80400000000000004800 	0		
00001609 0.80449999999999999290 	0		
00001610 0.80500000000000004880 	0		
00001611 0.80549999999999999380 	0		
00001612 0.80600000000000004980 	0		
00001613 0.80649999999999999460 	0		
00001614 0.80700000000000005060 	0		
00001615 0.80749999999999999560 	0		
00001616 0.80800000000000005150 	0		
00001617 0.80849999999999999640 	0		
00001618 0.80900000000000005240 	0		
00001619 0.80949999999999999740 	0		
00001620 0.81000000000000005330 	0		
00001621 0.81049999999999999820 	0		
00001622 0.81100000000000005420 	0		
00001623 0.81149999999999999910 	0		
00001624 0.81200000000000005500 	0		
00001625 0.81250000000000000000 	0		
00001626 0.81299999999999994500 	0		
00001627 0.81350000000000000090 	0		
00001628 0.81399999999999994580 	0		
00001629 0.81450000000000000180 	0		
00001630 0.81499999999999994670 	0		
00001631 0.81550000000000000260 	0		
00001632 0.81599999999999994760 	0		
00001633 0.81650000000000000360 	0		
00001634 0.81699999999999994850 	0		
00001635 0.81750000000000000440 	0		
00001636 0.81799999999999994940 	0		
00001637 0.81850000000000000540 	0		
00001638 0.81899999999999995020 	0		
00001639 0.81950000000000000620 	0		
00001640 0.81999999999999995120 	0		
00001641 0.82050000000000000710 	0		
00001642 0.82099999999999995200 	0		
00001643 0.82150000000000000800 	0		
00001644 0.82199999999999995300 	0		
00001645 0.82250000000000000890 	0		
00001646 0.82299999999999995380 	0		
00001647 0.82350000000000000980 	0		
00001648 0.82399999999999995470 	0		
00001649 0.82450000000000001060 	0		
00001650 0.82499999999999995560 	0		
00001651 0.82550000000000001160 	0		
00001652 0.82599999999999995650 	0		
00001653 0.82650000000000001240 	0		
00001654 0.82699999999999995740 	0		
00001655 0.82750000000000001330 	0		
00001656 0.82799999999999995820 	0		
00001657 0.82850000000000001420 	0		
00001658 0.82899999999999995920 	0		
00001659 0.82950000000000001510 	0		
00001660 0.82999999999999996000 	0		
00001661 0.83050000000000001600 	0		
00001662 0.83099999999999996090 	0		
00001663 0.83150000000000001690 	0		
00001664 0.83199999999999996180 	0		
00001665 0.83250000000000001780 	0		
00001666 0.83299999999999996270 	0		
00001667 0.83350000000000001860 	0		
00001668 0.83399999999999996360 	0		
00001669 0.83450000000000001960 	0		
00001670 0.83499999999999996440 	0		
00001671 0.83550000000000002040 	0		
00001672 0.83599999999999996540 	0		
00001673 0.83650000000000002130 	0		
00001674 0.83699999999999996620 	0		
00001675 0.83750000000000002220 	0		
00001676 0.83799999999999996720 	0		
00001677 0.83850000000000002310 	0		
00001678 0.83899999999999996800 	0		
00001679 0.83950000000000002400 	0		
00001680 0.83999999999999996890 	0		
00001681 0.84050000000000002480 	0		
00001682 0.84099999999999996980 	0		
00001683 0.84150000000000002580 	0		
00001684 0.84199999999999997070 	0		
00001685 0.84250000000000002660 	0		
00001686 0.84299999999999997160 	0		
00001687 0.84350000000000002760 	0		
00001688 0.84399999999999997240 	0		
00001689 0.84450000000000002840 	0		
00001690 0.84499999999999997340 	0		
00001691 0.84550000000000002930 	0		
00001692 0.84599999999999997420 	0		
00001693 0.84650000000000003020 	0		
00001694 0.84699999999999997520 	0		
00001695 0.84750000000000003110 	0		
00001696 0.84799999999999997600 	0		
00001697 0.84850000000000003200 	0		
00001698 0.84899999999999997690 	0		
00001699 0.84950000000000003280 	0		
00001700 0.84999999999999997780 	0		
00001701 0.85050000000000003380 	0		
00001702 0.85099999999999997870 	0		
00001703 0.85150000000000003460 	0		
00001704 0.85199999999999997960 	0		
00001705 0.85250000000000003560 	0		
00001706 0.85299999999999998040 	0		
00001707 0.85350000000000003640 	0		
00001708 0.85399999999999998140 	0		
00001709 0.85450000000000003730 	0		
00001710 0.85499999999999998220 	0		
00001711 0.85550000000000003820 	0		
00001712 0.85599999999999998310 	0		
00001713 0.85650000000000003910 	0		
00001714 0.85699999999999998400 	0		
00001715 0.85750000000000004000 	0		
00001716 0.85799999999999998490 	0		
00001717 0.85850000000000004080 	0		
00001718 0.85899999999999998580 	0		
00001719 0.85950000000000004180 	0		
00001720 0.85999999999999998670 	0		
00001721 0.86050000000000004260 	0		
00001722 0.86099999999999998760 	0		
00001723 0.86150000000000004350 	0		
00001724 0.86199999999999998840 	0		
00001725 0.86250000000000004440 	0		
00001726 0.86299999999999998940 	0		
00001727 0.86350000000000004530 	0		
00001728 0.86399999999999999020 	0		
00001729 0.86450000000000004620 	0		
00001730 0.86499999999999999110 	0		
00001731 0.86550000000000004700 	0		
00001732 0.86599999999999999200 	0		
00001733 0.86650000000000004800 	0		
00001734 0.86699999999999999290 	0		
00001735 0.86750000000000004880 	0		
00001736 0.86799999999999999380 	0		
00001737 0.86850000000000004980 	0		
00001738 0.86899999999999999460 	0		
00001739 0.86950000000000005060 	0		
00001740 0.86999999999999999560 	0		
00001741 0.87050000000000005150 	0		
00001742 0.87099999999999999640 	0		
00001743 0.87150000000000005240 	0		
00001744 0.87199999999999999740 	0		
00001745 0.87250000000000005330 	0		
00001746 0.87299999999999999820 	0		
00001747 0.87350000000000005420 	0		
00001748 0.87399999999999999910 	0		
00001749 0.87450000000000005500 	0		
00001750 0.87500000000000000000 	0		
00001751 0.87549999999999994500 	0		
00001752 0.87600000000000000090 	0		
00001753 0.87649999999999994580 	0		
00001754 0.87700000000000000180 	0		
00001755 0.87749999999999994670 	0		
00001756 0.87800000000000000260 	0		
00001757 0.87849999999999994760 	0		
00001758 0.87900000000000000360 	0		
00001759 0.87949999999999994850 	0		
00001760 0.88000000000000000440 	0		
00001761 0.88049999999999994940 	0		
00001762 0.88100000000000000540 	0		
00001763 0.88149999999999995020 	0		
00001764 0.88200000000000000620 	0		
00001765 0.88249999999999995120 	0		
00001766 0.88300000000000000710 	0		
00001767 0.88349999999999995200 	0		
00001768 0.88400000000000000800 	0		
00001769 0.88449999999999995300 	0		
00001770 0.88500000000000000890 	0		
00001771 0.88549999999999995380 	0		
00001772 0.88600000000000000980 	0		
00001773 0.88649999999999995470 	0		
00001774 0.88700000000000001060 	0		
00001775 0.88749999999999995560 	0		
00001776 0.88800000000000001160 	0		
00001777 0.88849999999999995650 	0		
00001778 0.88900000000000001240 	0		
00001779 0.88949999999999995740 	0		
00001780 0.89000000000000001330 	0		
00001781 0.89049999999999995820 	0		
00001782 0.89100000000000001420 	0		
00001783 0.89149999999999995920 	0		
00001784 0.89200000000000001510 	0		
00001785 0.89249999999999996000 	0		
00001786 0.89300000000000001600 	0		
00001787 0.89349999999999996090 	0		
00001788 0.89400000000000001690 	0		
00001789 0.89449999999999996180 	0		
00001790 0.89500000000000001780 	0		
00001791 0.89549999999999996270 	0		
00001792 0.89600000000000001860 	0		
00001793 0.89649999999999996360 	0		
00001794 0.89700000000000001960 	0		
00001795 0.89749999999999996440 	0		
00001796 0.89800000000000002040 	0		
00001797 0.89849999999999996540 	0		
00001798 0.89900000000000002130 	0		
00001799 0.89949999999999996620 	0		
00001800 0.90000000000000002220 	0		
00001801 0.90049999999999996720 	0		
00001802 0.90100000000000002310 	0		
00001803 0.90149999999999996800 	0		
00001804 0.90200000000000002400 	0		
00001805 0.90249999999999996890 	0		
00001806 0.90300000000000002480 	0		
00001807 0.90349999999999996980 	0		
00001808 0.90400000000000002580 	0		
00001809 0.90449999999999997070 	0		
00001810 0.90500000000000002660 	0		
00001811 0.90549999999999997160 	0		
00001812 0.90600000000000002760 	0		
00001813 0.90649999999999997240 	0		
00001814 0.90700000000000002840 	0		
00001815 0.90749999999999997340 	0		
00001816 0.90800000000000002930 	0		
00001817 0.90849999999999997420 	0		
00001818 0.90900000000000003020 	0		
00001819 0.90949999999999997520 	0		
00001820 0.91000000000000003110 	0		
00001821 0.91049999999999997600 	0		
00001822 0.91100000000000003200 	0		
00001823 0.91149999999999997690 	0		
00001824 0.91200000000000003280 	0		
00001825 0.91249999999999997780 	0		
00001826 0.91300000000000003380 	0		
00001827 0.91349999999999997870 	0		
00001828 0.91400000000000003460 	0		
00001829 0.91449999999999997960 	0		
00001830 0.91500000000000003560 	0		
00001831 0.91549999999999998040 	0		
00001832 0.91600000000000003640 	0		
00001833 0.91649999999999998140 	0		
00001834 0.91700000000000003730 	0		
00001835 0.91749999999999998220 	0		
00001836 0.91800000000000003820 	0		
00001837 0.91849999999999998310 	0		
00001838 0.91900000000000003910 	0		
00001839 0.91949999999999998400 	0		
00001840 0.92000000000000004000 	0		
00001841 0.92049999999999998490 	0		
00001842 0.92100000000000004080 	0		
00001843 0.92149999999999998580 	0		
00001844 0.92200000000000004180 	0		
00001845 0.92249999999999998670 	0		
00001846 0.92300000000000004260 	0		
00001847 0.92349999999999998760 	0		
00001848 0.92400000000000004350 	0		
00001849 0.92449999999999998850 	0		
00001850 0.92500000000000004440 	0		
00001851 0.92549999999999998930 	0		
00001852 0.92600000000000004530 	0		
00001853 0.92649999999999999020 	0		
00001854 0.92700000000000004620 	0		
00001855 0.92749999999999999110 	0		
00001856 0.92800000000000004710 	0		
00001857 0.92849999999999999200 	0		
00001858 0.92900000000000004800 	0		
00001859 0.92949999999999999290 	0		
00001860 0.93000000000000004880 	0		
00001861 0.93049999999999999380 	0		
00001862 0.93100000000000004970 	0		
00001863 0.93149999999999999470 	0		
00001864 0.93200000000000005060 	0		
00001865 0.93249999999999999560 	0		
00001866 0.93300000000000005150 	0		
00001867 0.93349999999999999640 	0		
00001868 0.93400000000000005240 	0		
00001869 0.93449999999999999730 	0		
00001870 0.93500000000000005330 	0		
00001871 0.93549999999999999820 	0		
00001872 0.93600000000000005420 	0		
00001873 0.93649999999999999910 	0		
00001874 0.93700000000000005510 	0		
00001875 0.93750000000000000000 	0		
00001876 0.93799999999999994490 	0		
00001877 0.93850000000000000090 	0		
00001878 0.93899999999999994580 	0		
00001879 0.93950000000000000180 	0		
00001880 0.93999999999999994670 	0		
00001881 0.94050000000000000270 	0		
00001882 0.94099999999999994760 	0		
00001883 0.94150000000000000360 	0		
00001884 0.94199999999999994850 	0		
00001885 0.94250000000000000440 	0		
00001886 0.94299999999999994940 	0		
00001887 0.94350000000000000530 	0		
00001888 0.94399999999999995030 	0		
00001889 0.94450000000000000620 	0		
00001890 0.94499999999999995120 	0		
00001891 0.94550000000000000710 	0		
00001892 0.94599999999999995200 	0		
00001893 0.94650000000000000800 	0		
00001894 0.94699999999999995290 	0		
00001895 0.94750000000000000890 	0		
00001896 0.94799999999999995380 	0		
00001897 0.94850000000000000980 	0		
00001898 0.94899999999999995470 	0		
00001899 0.94950000000000001070 	0		
00001900 0.94999999999999995560 	0		
00001901 0.95050000000000001150 	0		
00001902 0.95099999999999995650 	0		
00001903 0.95150000000000001240 	0		
00001904 0.95199999999999995740 	0		
00001905 0.95250000000000001330 	0		
00001906 0.95299999999999995830 	0		
00001907 0.95350000000000001420 	0		
00001908 0.95399999999999995910 	0		
00001909 0.95450000000000001510 	0		
00001910 0.95499999999999996000 	0		
00001911 0.95550000000000001600 	0		
00001912 0.95599999999999996090 	0		
00001913 0.95650000000000001690 	0		
00001914 0.95699999999999996180 	0		
00001915 0.95750000000000001780 	0		
00001916 0.95799999999999996270 	0		
00001917 0.95850000000000001870 	0		
00001918 0.95899999999999996360 	0		
00001919 0.95950000000000001950 	0		
00001920 0.95999999999999996450 	0		
00001921 0.96050000000000002040 	0		
00001922 0.96099999999999996540 	0		
00001923 0.96150000000000002130 	0		
00001924 0.96199999999999996620 	0		
00001925 0.96250000000000002220 	0		
00001926 0.96299999999999996710 	0		
00001927 0.96350000000000002310 	0		
00001928 0.96399999999999996800 	0		
00001929 0.96450000000000002400 	0		
00001930 0.96499999999999996890 	0		
00001931 0.96550000000000002490 	0		
00001932 0.96599999999999996980 	0		
00001933 0.96650000000000002580 	0		
00001934 0.96699999999999997070 	0		
00001935 0.96750000000000002660 	0		
00001936 0.96799999999999997160 	0		
00001937 0.96850000000000002750 	0		
00001938 0.96899999999999997250 	0		
00001939 0.96950000000000002840 	0		
00001940 0.96999999999999997340 	0		
00001941 0.97050000000000002930 	0		
00001942 0.97099999999999997420 	0		
00001943 0.97150000000000003020 	0		
00001944 0.97199999999999997510 	0		
00001945 0.97250000000000003110 	0		
00001946 0.97299999999999997600 	0		
00001947 0.97350000000000003200 	0		
00001948 0.97399999999999997690 	0		
00001949 0.97450000000000003290 	0		
00001950 0.97499999999999997780 	0		
00001951 0.97550000000000003380 	0		
00001952 0.97599999999999997870 	0		
00001953 0.97650000000000003460 	0		
00001954 0.97699999999999997960 	0		
00001955 0.97750000000000003550 	0		
00001956 0.97799999999999998050 	0		
00001957 0.97850000000000003640 	0		
00001958 0.97899999999999998130 	0		
00001959 0.97950000000000003730 	0		
00001960 0.97999999999999998220 	0		
00001961 0.98050000000000003820 	0		
00001962 0.98099999999999998310 	0		
00001963 0.98150000000000003910 	0		
00001964 0.98199999999999998400 	0		
00001965 0.98250000000000004000 	0		
00001966 0.98299999999999998490 	0		
00001967 0.98350000000000004090 	0		
00001968 0.98399999999999998580 	0		
00001969 0.98450000000000004170 	0		
00001970 0.98499999999999998670 	0		
00001971 0.98550000000000004260 	0		
00001972 0.98599999999999998760 	0		
00001973 0.98650000000000004350 	0		
00001974 0.98699999999999998850 	0		
00001975 0.98750000000000004440 	0		
00001976 0.98799999999999998930 	0		
00001977 0.98850000000000004530 	0		
00001978 0.98899999999999999020 	0		
00001979 0.98950000000000004620 	0		
00001980 0.98999999999999999110 	0		
00001981 0.99050000000000004710 	0		
00001982 0.99099999999999999200 	0		
00001983 0.99150000000000004800 	0		
00001984 0.99199999999999999290 	0		
00001985 0.99250000000000004880 	0		
00001986 0.99299999999999999380 	0		
00001987 0.99350000000000004970 	0		
00001988 0.99399999999999999470 	0		
00001989 0.99450000000000005060 	0		
00001990 0.99499999999999999560 	0		
00001991 0.99550000000000005150 	0		
00001992 0.99599999999999999640 	0		
00001993 0.99650000000000005240 	0		
00001994 0.99699999999999999730 	0		
00001995 0.99750000000000005330 	0		
00001996 0.99799999999999999820 	0		
00001997 0.99850000000000005420 	0		
00001998 0.99899999999999999910 	0		
00001999 0.99950000000000005510 	0		
00002000 1.00000000000000000000 	0		
00002001 1.00049999999999994490 	0		
00002002 1.00099999999999988990 	0		
